0.0 0.0 0.0 0.689386953687 
0.0 0.0 0.0 0.7949196177 
0.0 0.0 0.0 0.80616449467 
0.0 0.0 0.0 0.828768572809 
0.0 0.0 0.0 0.831771109822 
0.0 0.0 0.0 0.833783939576 
0.0 0.0 0.0 0.834998083012 
0.0 0.0 0.0 0.848678879757 
0.0 0.0 0.0 0.860571282926 
0.0 0.0 0.0 0.860604698164 
0.0 0.0 0.0 0.862617527919 
0.0 0.0 0.0 0.863020093869 
0.0 0.0 0.0 0.868220035992 
0.0 0.0 0.0 0.870232865746 
0.0 0.0 0.0 0.870668846935 
0.0 0.0 0.0 0.872497101333 
0.0 0.0 0.0 0.87268167669 
0.0 0.0 0.0 0.873057272986 
0.0 0.0 0.0 0.873208433104 
0.0 0.0 0.0 0.874852112146 
0.0 0.0 0.0 0.875466223107 
0.0 0.0 0.0 0.879894448566 
0.0 0.0 0.0 0.880145854399 
0.0 0.0 0.0 0.884758655215 
0.0 0.0 0.0 0.886771484969 
0.0 0.0 0.0 0.887392041514 
0.0 0.0 0.0 0.889404871269 
0.0 0.0 0.0 0.891971427092 
0.0 0.0 0.0 0.893027964826 
0.0 0.0 0.0 0.897053624335 
0.0 0.0 0.0 0.898663888138 
0.0 0.0 0.0 0.899066454089 
0.0 0.0 0.0 0.89946902004 
0.0 0.0 0.0 0.900431757643 
0.0 0.0 0.0 0.900458727298 
0.0 0.0 0.0 0.900676717892 
0.0 0.0 0.0 0.901481849794 
0.0 0.0 0.0 0.902471557052 
0.0 0.0 0.0 0.902689547646 
0.0 0.0 0.0 0.90429981145 
0.0 0.0 0.0 0.906715207155 
0.0 0.0 0.0 0.907704914413 
0.0 0.0 0.0 0.907704914413 
0.0 0.0 0.0 0.913558828319 
0.0 0.0 0.0 0.920805015434 
0.0 0.0 0.0 0.921207581385 
0.0 0.0 0.0 0.923220411139 
0.0 0.0 0.0 0.926038372795 
0.0 0.0 0.0 0.927028080053 
0.0 0.0 0.0 0.927464061242 
0.0 0.0 0.0 0.92805120255 
0.0 0.0 0.0 0.9284537685 
0.0 0.0 0.0 0.929258900402 
0.0 0.0 0.0 0.933311529565 
0.0 0.0 0.0 0.935324359319 
0.0 0.0 0.0 0.936907653468 
0.0 0.0 0.0 0.937125644063 
0.0 0.0 0.0 0.938920483222 
0.0 0.0 0.0 0.942359001424 
0.0 0.0 0.0 0.944153840583 
0.0 0.0 0.0 0.949836861847 
0.0 0.0 0.0 0.9502192995 
0.0 0.0 0.0 0.9548385459 
0.0 0.0 0.0 0.955861668396 
0.0 0.0 0.0 0.958864205408 
0.0 0.0 0.0 0.960659044568 
0.0 0.0 0.0 0.962111702669 
0.0 0.0 0.0 0.962856449678 
0.0 0.0 0.0 0.964493683136 
0.0 0.0 0.0 0.964657734422 
0.0 0.0 0.0 0.966512958474 
0.0 0.0 0.0 0.967100099781 
0.0 0.0 0.0 0.96954246514 
0.0 0.0 0.0 0.969760455735 
0.0 0.0 0.0 0.970565587637 
0.0 0.0 0.0 0.971773285489 
0.0 0.0 0.0 0.971971543559 
0.0 0.0 0.0 0.97700664285 
0.0 0.0 0.0 0.980015625446 
0.0 0.0 0.0 0.981810464606 
0.0 0.0 0.0 0.982022009617 
0.0 0.0 0.0 0.984034839371 
0.0 0.0 0.0 0.988074181593 
0.0 0.0 0.0 0.98846306483 
0.0 0.0 0.0 0.989452772088 
0.0 0.0 0.0 0.989888753277 
0.0 0.0 0.0 0.990264349574 
0.0 0.0 0.0 0.991901583031 
0.0 0.0 0.0 0.992304148982 
0.0 0.0 0.0 0.992706714933 
0.0 0.0 0.0 0.993327271479 
0.0 0.0 0.0 0.993511846835 
0.0 0.0 0.0 0.99392085837 
0.0 0.0 0.0 0.994686129449 
0.0 0.0 0.0 0.995715697529 
0.0 0.0 0.0 0.995893827301 
0.0 0.0 0.0 0.997906657056 
0.0 0.0 0.0 0.998144775948 
0.0 0.0 0.0 0.998389736197 
0.0 0.0 0.0 1.0 
