NSGA_DTLZ1_bdom_2_10
2.1343  2.1778  2.2215  2.2218  2.1889  2.2069  2.2259  2.242  2.1066  2.2405  2.2469  2.2359  2.2334  2.2283  2.2462  2.2107  2.2428  2.2365  2.2492  2.24  
NSGA_DTLZ1_bdom_2_20
2.2357  2.2287  2.2415  2.2133  2.2064  2.2204  2.2475  2.1599  2.2099  2.226  2.2399  2.25  2.1153  2.2235  2.1735  2.1132  2.1206  2.1136  2.1701  2.2283  
NSGA_DTLZ1_bdom_2_40
1.9754  2.25  1.8338  2.1282  2.2335  2.2399  2.2352  2.2267  2.1481  2.1982  1.7648  2.1865  2.1118  2.2202  2.2263  2.1433  2.1267  1.8529  2.2438  2.1655  
NSGA_DTLZ1_bdom_4_10
4.9651  4.9506  4.9823  4.9858  4.833  4.9742  4.9201  4.852  4.9636  4.9603  4.8916  4.9424  5.0184  4.9725  5.0054  4.9048  4.8202  4.8871  4.8973  4.9509  
NSGA_DTLZ1_bdom_4_20
4.9363  4.8533  4.8425  4.8443  4.826  4.9526  4.8104  4.8978  4.9539  4.8766  4.8779  4.7131  4.9717  4.8625  4.8692  4.6571  4.9185  4.8358  4.9271  4.8597  
NSGA_DTLZ1_bdom_4_40
4.6615  4.9097  4.7426  4.73  4.8495  4.8583  4.9257  4.7646  4.8866  4.883  4.8773  4.8133  4.7829  4.8032  4.7363  4.9083  4.8614  4.9301  4.8922  4.8399  
NSGA_DTLZ1_bdom_6_10
11.2751  10.9196  11.286  11.079  11.1113  11.2228  11.0604  11.2929  11.2466  11.1845  11.158  11.1853  11.0228  11.1365  11.0248  11.1979  10.8463  11.3432  11.2099  11.2453  
NSGA_DTLZ1_bdom_6_20
10.5206  10.9787  10.8313  10.7502  10.769  10.7698  10.5183  10.719  10.7038  10.756  10.5304  10.7289  11.004  10.6162  10.6946  10.6121  10.8846  10.6404  10.7551  10.8492  
NSGA_DTLZ1_bdom_6_40
10.2703  10.5411  10.4632  10.8362  10.6679  10.3813  10.4683  10.5101  10.5575  10.067  10.3509  10.6096  10.1931  10.7348  10.5825  10.4617  10.6582  10.3685  10.7353  10.414  
NSGA_DTLZ1_cdom_2_10
0.0313  0.0329  0.0261  0.0331  0.028  0.0319  0.0308  0.0329  0.0305  0.033  0.0314  0.0332  0.0332  0.0253  0.0316  0.0303  0.0281  0.0321  0.0277  0.0336  
NSGA_DTLZ1_cdom_2_20
0.0045  0.0028  0.0054  0.005  0.005  0.0047  0.0045  0.0046  0.0027  0.0029  0.0041  0.0027  0.0046  0.0053  0.0052  0.0035  0.0038  0.0037  0.0033  0.0036  
NSGA_DTLZ1_cdom_2_40
0.0124  0.0146  0.0113  0.011  0.0103  0.0118  0.0126  0.0133  0.0116  0.0101  0.0116  0.0085  0.0122  0.0134  0.0084  0.0105  0.0131  0.0134  0.0113  0.0129  
NSGA_DTLZ1_cdom_4_10
0.0068  0.0072  0.0071  0.0073  0.0068  0.0071  0.006  0.0064  0.0071  0.0068  0.0071  0.0068  0.0069  0.0074  0.0065  0.0073  0.0067  0.0068  0.0073  0.0057  
NSGA_DTLZ1_cdom_4_20
0.0061  0.0076  0.0069  0.0058  0.0075  0.0069  0.0065  0.0064  0.0064  0.0083  0.0073  0.0065  0.0072  0.0059  0.006  0.0066  0.0068  0.0078  0.0067  0.0071  
NSGA_DTLZ1_cdom_4_40
0.0019  0.0028  0.0029  0.0037  0.0035  0.0041  0.0045  0.0036  0.0029  0.0022  0.0032  0.0032  0.0034  0.0037  0.0025  0.0032  0.0046  0.0039  0.0039  0.0041  
NSGA_DTLZ1_cdom_6_10
0.0002  0.0002  0.0002  0.0002  0.0002  0.0002  0.0002  0.0002  0.0002  0.0002  0.0002  0.0002  0.0002  0.0002  0.0002  0.0002  0.0002  0.0002  0.0002  0.0002  
NSGA_DTLZ1_cdom_6_20
0.0  0.0  0.0  0.0  0.0  0.0  0.0  0.0  0.0  0.0  0.0  0.0  0.0  0.0  0.0  0.0  0.0  0.0  0.0  0.0  
NSGA_DTLZ1_cdom_6_40
0.0  0.0  0.0  0.0  0.0  0.0  0.0  0.0  0.0  0.0  0.0  0.0  0.0  0.0  0.0  0.0  0.0  0.0  0.0  0.0  
NSGA_DTLZ3_bdom_2_10
2.1614  2.0627  2.028  2.1346  2.1555  2.089  2.0692  2.0788  2.0315  2.0385  2.1302  2.1097  2.1412  2.0779  2.1105  2.1021  2.1533  2.1182  2.139  2.0493  
NSGA_DTLZ3_bdom_2_20
2.0168  2.0607  2.0495  1.9818  2.037  1.905  1.8429  1.9516  1.846  1.9268  1.9833  1.9907  1.9408  1.905  1.9592  1.9344  1.9524  1.9895  2.0034  1.9288  
NSGA_DTLZ3_bdom_2_40
1.9467  1.6811  1.8893  1.7672  1.8487  1.812  1.7703  1.6902  1.8036  1.7868  1.6918  1.6555  1.7699  1.8739  1.7523  1.8671  1.8987  1.7532  1.8987  1.8846  
NSGA_DTLZ3_bdom_4_10
4.9951  4.8335  5.0625  5.052  4.9013  5.0201  4.9685  5.0078  5.0584  4.912  4.7585  4.944  4.7857  4.9496  4.9669  4.8504  4.9684  5.0001  4.9008  4.9893  
NSGA_DTLZ3_bdom_4_20
4.9309  4.8468  5.0138  5.0096  5.0121  4.9739  5.0062  4.9845  4.8741  4.912  4.9308  4.7626  4.8021  4.9409  5.0532  5.0089  4.8329  4.9453  4.9517  4.8254  
NSGA_DTLZ3_bdom_4_40
4.8096  4.7573  4.9094  4.9615  4.9302  4.7477  4.8303  4.9363  4.7461  4.9505  4.8796  4.8592  4.9585  4.7852  4.9352  4.2096  5.0127  4.9308  4.8177  4.8614  
NSGA_DTLZ3_bdom_6_10
11.3287  10.7343  11.3154  10.9935  11.2498  11.1232  10.7557  10.6597  11.1673  10.6285  11.0622  11.1162  11.0237  10.5849  11.1439  11.1547  10.7507  11.0049  10.9607  10.958  
NSGA_DTLZ3_bdom_6_20
11.0249  10.6317  11.1761  10.4752  10.8858  10.8814  10.9323  10.7776  10.7793  11.2841  11.0063  10.5316  10.3138  10.3734  11.2728  11.2135  11.2369  11.005  10.7426  10.2734  
NSGA_DTLZ3_bdom_6_40
10.4824  9.6403  11.0675  10.3258  10.97  11.24  10.765  10.4421  11.0519  10.3232  10.958  11.1095  10.502  9.7864  10.8994  10.784  11.2001  10.6986  10.8922  10.698  
NSGA_DTLZ3_cdom_2_10
0.2045  0.2038  0.206  0.1935  0.1843  0.2035  0.1869  0.1953  0.1912  0.1831  0.1872  0.192  0.1732  0.195  0.1945  0.1523  0.205  0.1865  0.1842  0.1945  
NSGA_DTLZ3_cdom_2_20
0.2294  0.2021  0.1764  0.2245  0.1868  0.2161  0.2026  0.1834  0.1556  0.1959  0.2142  0.1555  0.1596  0.1693  0.2007  0.1815  0.2189  0.202  0.2212  0.2244  
NSGA_DTLZ3_cdom_2_40
0.2145  0.2828  0.2329  0.2907  0.2541  0.2194  0.2894  0.2791  0.1665  0.3074  0.3256  0.3063  0.3121  0.213  0.1832  0.2603  0.1922  0.2866  0.2886  0.3109  
NSGA_DTLZ3_cdom_4_10
0.0053  0.0048  0.0056  0.0049  0.0057  0.0051  0.005  0.0057  0.0052  0.0055  0.0048  0.0051  0.0056  0.0056  0.0056  0.0048  0.006  0.0057  0.0055  0.0057  
NSGA_DTLZ3_cdom_4_20
0.0029  0.0041  0.0027  0.004  0.0032  0.0048  0.0037  0.0034  0.003  0.0043  0.0045  0.0046  0.0038  0.0043  0.0048  0.0034  0.0043  0.0041  0.0038  0.0035  
NSGA_DTLZ3_cdom_4_40
0.0004  0.0004  0.0005  0.0003  0.0003  0.0005  0.0005  0.0003  0.0001  0.0003  0.0004  0.0003  0.0005  0.0004  0.0003  0.0004  0.0002  0.0003  0.0003  0.0005  
NSGA_DTLZ3_cdom_6_10
0.0002  0.0003  0.0003  0.0002  0.0002  0.0003  0.0003  0.0003  0.0003  0.0003  0.0003  0.0003  0.0003  0.0003  0.0002  0.0003  0.0003  0.0003  0.0003  0.0003  
NSGA_DTLZ3_cdom_6_20
0.0  0.0  0.0  0.0  0.0  0.0  0.0  0.0  0.0  0.0  0.0  0.0  0.0  0.0  0.0  0.0  0.0  0.0  0.0  0.0  
NSGA_DTLZ3_cdom_6_40
0.0  0.0  0.0  0.0  0.0  0.0  0.0  0.0  0.0  0.0  0.0  0.0  0.0  0.0  0.0  0.0  0.0  0.0  0.0  0.0  
NSGA_DTLZ5_bdom_2_10
2.1363  2.0313  2.1857  2.1277  2.1013  1.8428  2.0669  1.9118  2.1449  2.1934  2.0029  2.1856  2.011  2.188  2.066  2.089  1.9332  2.0026  1.8724  1.9742  
NSGA_DTLZ5_bdom_2_20
2.0501  1.8728  2.1522  1.828  2.1946  2.1071  1.9086  2.0952  2.0736  1.9843  2.1144  2.0085  2.0441  1.9357  2.041  2.0649  2.1631  2.0903  2.1517  2.0739  
NSGA_DTLZ5_bdom_2_40
1.9429  1.7214  1.8793  1.9482  1.8187  1.9479  2.011  1.925  1.7102  1.9792  2.0115  1.887  1.9379  1.8366  2.23  1.972  1.8983  1.8337  1.8522  2.1035  
NSGA_DTLZ5_bdom_4_10
2.862  3.3427  3.442  3.0863  3.1644  3.4071  2.883  2.9492  3.233  2.4182  3.4611  3.4449  3.1004  2.8999  3.1678  2.4054  3.0681  3.2023  2.891  3.2955  
NSGA_DTLZ5_bdom_4_20
3.2419  2.7837  3.3062  3.368  2.9176  2.9944  3.0742  3.2681  3.1182  3.1912  2.8054  3.0298  2.8369  3.1101  2.8641  3.4126  3.2228  3.0336  3.2992  3.1595  
NSGA_DTLZ5_bdom_4_40
3.3439  3.3133  3.1125  3.5273  2.7413  3.0576  3.5766  3.4415  3.1378  3.2741  2.7298  2.8379  3.0504  2.9933  3.335  3.3074  3.4097  3.3042  3.1343  2.7723  
NSGA_DTLZ5_bdom_6_10
6.1523  5.111  4.5  5.359  5.8048  5.2615  5.0678  6.2469  5.36  4.5404  4.9913  4.1541  3.1499  4.7238  4.9006  5.7886  5.3781  3.7606  5.2685  4.8677  
NSGA_DTLZ5_bdom_6_20
3.7246  4.6194  6.5434  4.2957  5.6315  4.7628  5.0838  5.4018  5.6139  5.7848  5.3961  5.0208  5.567  4.7236  3.5523  3.5721  5.611  4.6513  5.9058  5.2861  
NSGA_DTLZ5_bdom_6_40
4.3525  4.0862  5.4376  5.1033  3.9873  6.044  6.1254  5.6415  3.891  5.0111  3.587  6.2877  4.5183  4.5304  4.2438  5.7744  3.1592  4.2365  5.6413  4.742  
NSGA_DTLZ5_cdom_2_10
0.0294  0.0306  0.0308  0.0324  0.034  0.0286  0.0312  0.0339  0.0337  0.0329  0.0355  0.0321  0.035  0.0339  0.0331  0.0336  0.0321  0.0333  0.0327  0.0359  
NSGA_DTLZ5_cdom_2_20
0.0362  0.0346  0.0361  0.0318  0.0367  0.0329  0.0368  0.0325  0.0328  0.0365  0.0343  0.0296  0.0377  0.0314  0.0355  0.035  0.0283  0.0359  0.0362  0.0321  
NSGA_DTLZ5_cdom_2_40
0.0177  0.0239  0.021  0.0227  0.017  0.0218  0.0172  0.0199  0.0235  0.023  0.0233  0.0258  0.0208  0.0196  0.0188  0.0191  0.017  0.0202  0.0191  0.022  
NSGA_DTLZ5_cdom_4_10
0.3023  0.3324  0.223  0.2742  0.3448  0.3035  0.3139  0.2889  0.3293  0.3197  0.1992  0.336  0.321  0.3044  0.2933  0.3777  0.2784  0.3432  0.2991  0.2106  
NSGA_DTLZ5_cdom_4_20
0.1021  0.1135  0.1073  0.1312  0.0854  0.084  0.0974  0.1225  0.1099  0.0871  0.1354  0.0839  0.0913  0.1002  0.1153  0.0984  0.1078  0.0668  0.106  0.0648  
NSGA_DTLZ5_cdom_4_40
0.0815  0.0797  0.0811  0.0875  0.078  0.0788  0.0922  0.0697  0.1002  0.0855  0.0779  0.0607  0.0805  0.0666  0.1011  0.0718  0.0895  0.0819  0.0972  0.082  
NSGA_DTLZ5_cdom_6_10
0.1786  0.319  0.3283  0.2015  0.2171  0.2304  0.2094  0.3341  0.3508  0.2643  0.2183  0.3422  0.1977  0.2031  0.2811  0.3617  0.3438  0.3515  0.3025  0.1875  
NSGA_DTLZ5_cdom_6_20
0.0245  0.0618  0.0387  0.0382  0.0492  0.0552  0.0342  0.0382  0.0498  0.0305  0.0401  0.0265  0.0518  0.0512  0.0379  0.0414  0.083  0.0326  0.0526  0.0453  
NSGA_DTLZ5_cdom_6_40
0.0885  0.0698  0.0982  0.1061  0.0732  0.0842  0.1203  0.0897  0.0769  0.0637  0.1  0.0805  0.1041  0.1142  0.1028  0.0629  0.1281  0.0352  0.1738  0.1253  
NSGA_DTLZ7_bdom_2_10
1.5443  1.5139  1.5466  1.5236  1.5651  1.4462  1.5251  1.5406  1.5089  1.4418  1.441  1.462  1.5429  1.4847  1.4505  1.4836  1.5392  1.5553  1.5014  1.5355  
NSGA_DTLZ7_bdom_2_20
1.4136  1.5147  1.5454  1.5205  1.5443  1.524  1.5307  1.5249  1.4718  1.505  1.4722  1.5248  1.4739  1.5267  1.5351  1.4889  1.5367  1.5414  1.4391  1.5074  
NSGA_DTLZ7_bdom_2_40
1.5262  1.5073  1.5565  1.4939  1.4804  1.4792  1.5024  1.5076  1.4469  1.5199  1.5409  1.4948  1.5369  1.5105  1.5296  1.6894  1.4656  1.5024  1.5447  1.5388  
NSGA_DTLZ7_bdom_4_10
2.6913  2.5363  2.4641  2.737  3.0702  2.8653  1.5376  2.7507  2.8208  2.0215  2.9361  2.7413  2.8358  2.7169  2.0794  3.0219  2.5927  2.8065  2.328  2.5195  
NSGA_DTLZ7_bdom_4_20
2.9322  3.3359  2.7439  2.5027  2.9353  2.7132  2.5076  2.6207  3.1141  2.52  2.6309  2.721  2.7624  2.9264  2.69  2.7036  3.0134  3.1956  2.5365  2.8955  
NSGA_DTLZ7_bdom_4_40
2.9778  2.6771  2.2655  2.7667  2.6965  2.8443  2.8709  2.7561  3.0342  2.7973  2.7142  2.6805  2.8807  3.0863  3.4274  2.5923  2.7363  3.146  3.0177  2.5848  
NSGA_DTLZ7_bdom_6_10
5.1711  4.9411  5.6676  4.002  4.8634  5.1236  4.7743  4.4578  4.7051  4.9809  4.1528  4.4143  4.8819  4.2581  4.985  4.5403  4.6028  5.2768  3.6511  4.5503  
NSGA_DTLZ7_bdom_6_20
3.9416  5.4829  4.7626  5.1963  4.6302  3.2282  4.6911  5.0933  5.3425  4.9818  5.4415  4.8049  4.7001  3.9299  4.779  3.4031  4.9365  5.0416  5.3159  5.1855  
NSGA_DTLZ7_bdom_6_40
4.3247  4.492  5.825  6.2236  4.9144  5.2938  4.8481  4.7553  4.2053  5.4586  4.7488  5.0754  5.0239  3.5109  5.8699  4.9827  4.0838  4.9651  5.1029  5.5548  
NSGA_DTLZ7_cdom_2_10
0.02  0.0155  0.0201  0.0212  0.0228  0.0203  0.0203  0.0199  0.0199  0.0204  0.0213  0.0237  0.0156  0.0228  0.0212  0.0204  0.0097  0.0097  0.0204  0.0203  
NSGA_DTLZ7_cdom_2_20
0.0234  0.0222  0.0197  0.0237  0.0151  0.019  0.0202  0.0082  0.0203  0.0231  0.0198  0.0194  0.0236  0.0217  0.0151  0.0149  0.0151  0.0191  0.0195  0.0197  
NSGA_DTLZ7_cdom_2_40
0.0092  0.0102  0.0105  0.0043  0.0105  0.0093  0.012  0.0093  0.0093  0.0091  0.0091  0.009  0.0102  0.0092  0.0093  0.0093  0.0044  0.0057  0.012  0.01  
NSGA_DTLZ7_cdom_4_10
0.03  0.0321  0.0255  0.0287  0.025  0.0326  0.0227  0.034  0.0258  0.0273  0.0281  0.0259  0.0273  0.0299  0.0249  0.0303  0.0205  0.0245  0.0253  0.026  
NSGA_DTLZ7_cdom_4_20
0.0114  0.0096  0.0128  0.0107  0.0131  0.0149  0.0088  0.0117  0.0099  0.0099  0.0128  0.0134  0.0127  0.0121  0.0129  0.0138  0.0131  0.0079  0.0095  0.0126  
NSGA_DTLZ7_cdom_4_40
0.0042  0.0025  0.0037  0.0034  0.0015  0.0032  0.003  0.0039  0.0039  0.0038  0.0027  0.0043  0.0028  0.002  0.004  0.0024  0.0032  0.0028  0.0031  0.0028  
NSGA_DTLZ7_cdom_6_10
0.7016  0.7708  0.733  0.6465  0.7639  0.6375  0.63  0.7396  0.7054  0.7155  0.7603  0.7163  0.6645  0.6538  0.796  0.6996  0.7681  0.7183  0.7527  0.7063  
NSGA_DTLZ7_cdom_6_20
0.0024  0.003  0.0018  0.0012  0.0019  0.0014  0.0016  0.0007  0.0015  0.0013  0.0022  0.0023  0.0014  0.0025  0.0027  0.0025  0.0023  0.0013  0.001  0.0015  
NSGA_DTLZ7_cdom_6_40
0.0013  0.0025  0.0014  0.0019  0.0014  0.0017  0.0016  0.0022  0.0013  0.0013  0.0013  0.001  0.0013  0.0022  0.0021  0.0014  0.0024  0.002  0.0012  0.0028  
