
rank ,         name ,    med   ,  iqr 
----------------------------------------------------
   1 , NSGA_DTLZ1_cdom_6_40 ,    0   ,    0 (*              |              ), 0.00,  0.00,  0.00,  0.00,  0.00
   1 , NSGA_DTLZ1_cdom_6_20 ,    0   ,    0 (*              |              ), 0.00,  0.00,  0.00,  0.00,  0.00
   1 , NSGA_DTLZ3_cdom_6_20 ,    0   ,    0 (*              |              ), 0.00,  0.00,  0.00,  0.00,  0.00
   1 , NSGA_DTLZ3_cdom_6_40 ,    0   ,    0 (*              |              ), 0.00,  0.00,  0.00,  0.00,  0.00
   1 , NSGA_DTLZ1_cdom_6_10 ,    0   ,    0 (*              |              ), 0.00,  0.00,  0.00,  0.00,  0.00
   1 , NSGA_DTLZ3_cdom_6_10 ,    0   ,    0 (*              |              ), 0.00,  0.00,  0.00,  0.00,  0.00
   1 , NSGA_DTLZ3_cdom_4_40 ,    0   ,    0 (*              |              ), 0.00,  0.00,  0.00,  0.00,  0.00
   1 , NSGA_DTLZ7_cdom_6_40 ,    0   ,    0 (*              |              ), 0.00,  0.00,  0.00,  0.00,  0.00
   1 , NSGA_DTLZ7_cdom_6_20 ,    0   ,    0 (*              |              ), 0.00,  0.00,  0.00,  0.00,  0.00
   1 , NSGA_DTLZ7_cdom_4_40 ,    0   ,    0 (*              |              ), 0.00,  0.00,  0.00,  0.00,  0.00
   1 , NSGA_DTLZ1_cdom_4_40 ,    0   ,    0 (*              |              ), 0.00,  0.00,  0.00,  0.00,  0.00
   1 , NSGA_DTLZ3_cdom_4_20 ,    0   ,    0 (*              |              ), 0.00,  0.00,  0.00,  0.00,  0.00
   1 , NSGA_DTLZ1_cdom_2_20 ,    0   ,    0 (*              |              ), 0.00,  0.00,  0.00,  0.00,  0.01
   1 , NSGA_DTLZ3_cdom_4_10 ,    0   ,    0 (*              |              ), 0.00,  0.01,  0.01,  0.01,  0.01
   1 , NSGA_DTLZ1_cdom_4_20 ,    0   ,    0 (*              |              ), 0.01,  0.01,  0.01,  0.01,  0.01
   1 , NSGA_DTLZ1_cdom_4_10 ,    0   ,    0 (*              |              ), 0.01,  0.01,  0.01,  0.01,  0.01
   1 , NSGA_DTLZ7_cdom_2_40 ,    0   ,    0 (*              |              ), 0.01,  0.01,  0.01,  0.01,  0.01
   1 , NSGA_DTLZ1_cdom_2_40 ,    0   ,    0 (*              |              ), 0.01,  0.01,  0.01,  0.01,  0.01
   1 , NSGA_DTLZ7_cdom_4_20 ,    0   ,    0 (*              |              ), 0.01,  0.01,  0.01,  0.01,  0.01
   1 , NSGA_DTLZ7_cdom_2_20 ,    0   ,    0 (*              |              ), 0.02,  0.02,  0.02,  0.02,  0.02
   1 , NSGA_DTLZ7_cdom_2_10 ,    0   ,    0 (*              |              ), 0.02,  0.02,  0.02,  0.02,  0.02
   1 , NSGA_DTLZ5_cdom_2_40 ,    0   ,    0 (*              |              ), 0.02,  0.02,  0.02,  0.02,  0.02
   1 , NSGA_DTLZ7_cdom_4_10 ,    0   ,    0 (*              |              ), 0.02,  0.03,  0.03,  0.03,  0.03
   1 , NSGA_DTLZ1_cdom_2_10 ,    0   ,    0 (*              |              ), 0.03,  0.03,  0.03,  0.03,  0.03
   1 , NSGA_DTLZ5_cdom_2_10 ,    0   ,    0 (*              |              ), 0.03,  0.03,  0.03,  0.03,  0.04
   1 , NSGA_DTLZ5_cdom_2_20 ,    0   ,    0 (*              |              ), 0.03,  0.03,  0.04,  0.04,  0.04
   1 , NSGA_DTLZ5_cdom_6_20 ,    0   ,    0 (*              |              ), 0.03,  0.04,  0.04,  0.05,  0.06
   2 , NSGA_DTLZ5_cdom_4_40 ,    0   ,    0 (*              |              ), 0.07,  0.08,  0.08,  0.09,  0.10
   3 , NSGA_DTLZ5_cdom_6_40 ,    0   ,    0 (*              |              ), 0.06,  0.08,  0.10,  0.11,  0.13
   3 , NSGA_DTLZ5_cdom_4_20 ,    0   ,    0 (*              |              ), 0.08,  0.09,  0.10,  0.11,  0.13
   4 , NSGA_DTLZ3_cdom_2_10 ,    0   ,    0 (*              |              ), 0.18,  0.19,  0.19,  0.20,  0.20
   4 , NSGA_DTLZ3_cdom_2_20 ,    0   ,    0 (*              |              ), 0.16,  0.18,  0.20,  0.22,  0.22
   5 , NSGA_DTLZ5_cdom_6_10 ,    0   ,    0 (*              |              ), 0.20,  0.22,  0.28,  0.33,  0.35
   5 , NSGA_DTLZ3_cdom_2_40 ,    0   ,    0 (*              |              ), 0.19,  0.23,  0.28,  0.29,  0.31
   6 , NSGA_DTLZ5_cdom_4_10 ,    0   ,    0 (*              |              ), 0.22,  0.29,  0.30,  0.33,  0.34
   7 , NSGA_DTLZ7_cdom_6_10 ,    0   ,    0 ( *             |              ), 0.65,  0.70,  0.72,  0.75,  0.77
   8 , NSGA_DTLZ7_bdom_2_40 ,    1   ,    0 (   *           |              ), 1.48,  1.50,  1.51,  1.54,  1.56
   8 , NSGA_DTLZ7_bdom_2_10 ,    1   ,    0 (    *          |              ), 1.45,  1.48,  1.52,  1.54,  1.56
   8 , NSGA_DTLZ7_bdom_2_20 ,    1   ,    0 (    *          |              ), 1.47,  1.50,  1.52,  1.53,  1.54
   9 , NSGA_DTLZ3_bdom_2_40 ,    1   ,    0 (    *          |              ), 1.69,  1.77,  1.80,  1.87,  1.90
  10 , NSGA_DTLZ5_bdom_2_40 ,    1   ,    0 (     *         |              ), 1.82,  1.88,  1.94,  1.97,  2.10
  10 , NSGA_DTLZ3_bdom_2_20 ,    1   ,    1 (     *         |              ), 1.91,  1.93,  1.96,  1.99,  2.05
  11 , NSGA_DTLZ5_bdom_2_10 ,    2   ,    0 (     *         |              ), 1.91,  2.00,  2.07,  2.14,  2.19
  11 , NSGA_DTLZ5_bdom_2_20 ,    2   ,    0 (     *         |              ), 1.91,  2.04,  2.07,  2.11,  2.16
  12 , NSGA_DTLZ3_bdom_2_10 ,    2   ,    0 (     *         |              ), 2.04,  2.08,  2.11,  2.13,  2.16
  12 , NSGA_DTLZ1_bdom_2_40 ,    2   ,    0 (    -*         |              ), 1.85,  2.13,  2.19,  2.23,  2.24
  13 , NSGA_DTLZ1_bdom_2_20 ,    2   ,    0 (     *         |              ), 2.12,  2.17,  2.22,  2.23,  2.25
  13 , NSGA_DTLZ1_bdom_2_10 ,    2   ,    0 (     *         |              ), 2.18,  2.22,  2.23,  2.24,  2.25
  14 , NSGA_DTLZ7_bdom_4_10 ,    2   ,    0 (     - *       |              ), 2.08,  2.54,  2.74,  2.82,  3.02
  14 , NSGA_DTLZ7_bdom_4_20 ,    2   ,    0 (      -*       |              ), 2.52,  2.69,  2.74,  2.93,  3.20
  14 , NSGA_DTLZ7_bdom_4_40 ,    2   ,    1 (      -*       |              ), 2.59,  2.71,  2.80,  2.98,  3.15
  15 , NSGA_DTLZ5_bdom_4_20 ,    3   ,    1 (       -*      |              ), 2.84,  3.03,  3.12,  3.24,  3.37
  15 , NSGA_DTLZ5_bdom_4_10 ,    3   ,    1 (        *      |              ), 2.86,  2.95,  3.16,  3.30,  3.44
  15 , NSGA_DTLZ5_bdom_4_40 ,    3   ,    0 (       -*      |              ), 2.77,  3.06,  3.27,  3.33,  3.53
  16 , NSGA_DTLZ5_bdom_6_40 ,    4   ,    1 (          - * -|              ), 3.89,  4.24,  4.74,  5.64,  6.13
  16 , NSGA_DTLZ7_bdom_6_10 ,    4   ,    0 (          --*  |              ), 4.15,  4.54,  4.77,  4.98,  5.28
  16 , NSGA_DTLZ1_bdom_4_40 ,    4   ,    0 (            *  |              ), 4.74,  4.80,  4.86,  4.89,  4.93
  16 , NSGA_DTLZ1_bdom_4_20 ,    4   ,    0 (            *  |              ), 4.81,  4.84,  4.87,  4.92,  4.95
  16 , NSGA_DTLZ3_bdom_4_40 ,    4   ,    0 (            *  |              ), 4.75,  4.82,  4.88,  4.94,  4.96
  16 , NSGA_DTLZ7_bdom_6_20 ,    4   ,    1 (          -- * |              ), 3.93,  4.70,  4.94,  5.19,  5.44
  17 , NSGA_DTLZ3_bdom_4_20 ,    4   ,    1 (             * |              ), 4.83,  4.91,  4.95,  5.01,  5.01
  17 , NSGA_DTLZ1_bdom_4_10 ,    4   ,    0 (             * |              ), 4.85,  4.90,  4.95,  4.97,  5.01
  17 , NSGA_DTLZ3_bdom_4_10 ,    4   ,    1 (             * |              ), 4.83,  4.91,  4.97,  5.00,  5.06
  17 , NSGA_DTLZ7_bdom_6_40 ,    4   ,    1 (           - *-|              ), 4.21,  4.76,  4.98,  5.29,  5.87
  17 , NSGA_DTLZ5_bdom_6_10 ,    5   ,    1 (          -- *-|              ), 4.15,  4.87,  5.11,  5.36,  6.15
  17 , NSGA_DTLZ5_bdom_6_20 ,    5   ,    1 (         --- *-|              ), 3.72,  4.72,  5.29,  5.61,  5.91
  18 , NSGA_DTLZ1_bdom_6_40 ,    10   ,    0 (               |           *  ),10.27, 10.41, 10.51, 10.61, 10.74
  19 , NSGA_DTLZ1_bdom_6_20 ,    10   ,    0 (               |           -* ),10.53, 10.69, 10.75, 10.77, 10.98
  19 , NSGA_DTLZ3_bdom_6_40 ,    10   ,    1 (               |            * ),10.32, 10.50, 10.78, 10.97, 11.20
  19 , NSGA_DTLZ3_bdom_6_20 ,    10   ,    1 (               |           -* ),10.37, 10.74, 10.89, 11.02, 11.27
  20 , NSGA_DTLZ3_bdom_6_10 ,    11   ,    1 (               |             *),10.66, 10.96, 11.02, 11.14, 11.32
  21 , NSGA_DTLZ1_bdom_6_10 ,    11   ,    0 (               |             *),11.02, 11.11, 11.19, 11.25, 11.29
